conn_name,type_name,zone_loc,section,coords,,,,,,,
1,sheetingcorner,A1,1,0,0,0.2,0,0.2,0.5,0,0.5
2,sheetinggable,A2,1,0,0.5,0.2,0.5,0.2,1,0,1
3,sheetinggable,A3,1,0,1,0.2,1,0.2,1.5,0,1.5
4,sheetinggable,A4,1,0,1.5,0.2,1.5,0.2,2,0,2
5,sheetinggable,A5,1,0,2,0.2,2,0.2,2.5,0,2.5
6,sheetingcorner,A6,1,0,2.5,0.2,2.5,0.2,3,0,3
7,sheetingcorner,A7,2,0,3,0.2,3,0.2,3.5,0,3.5
8,sheetinggable,A8,2,0,3.5,0.2,3.5,0.2,4,0,4
9,sheetinggable,A9,2,0,4,0.2,4,0.2,4.5,0,4.5
10,sheetinggable,A10,2,0,4.5,0.2,4.5,0.2,5,0,5
11,sheetinggable,A11,2,0,5,0.2,5,0.2,5.5,0,5.5
12,sheetingcorner,A12,2,0,5.5,0.2,5.5,0.2,6,0,6
13,sheetingeave,B1,1,0.2,0,0.4,0,0.4,0.5,0.2,0.5
14,sheeting,B2,1,0.2,0.5,0.4,0.5,0.4,1,0.2,1
15,sheeting,B3,1,0.2,1,0.4,1,0.4,1.5,0.2,1.5
16,sheeting,B4,1,0.2,1.5,0.4,1.5,0.4,2,0.2,2
17,sheeting,B5,1,0.2,2,0.4,2,0.4,2.5,0.2,2.5
18,sheetingeave,B6,1,0.2,2.5,0.4,2.5,0.4,3,0.2,3
19,sheetingeave,B7,2,0.2,3,0.4,3,0.4,3.5,0.2,3.5
20,sheeting,B8,2,0.2,3.5,0.4,3.5,0.4,4,0.2,4
21,sheeting,B9,2,0.2,4,0.4,4,0.4,4.5,0.2,4.5
22,sheeting,B10,2,0.2,4.5,0.4,4.5,0.4,5,0.2,5
23,sheeting,B11,2,0.2,5,0.4,5,0.4,5.5,0.2,5.5
24,sheetingeave,B12,2,0.2,5.5,0.4,5.5,0.4,6,0.2,6
25,sheetingeave,C1,1,0.4,0,0.6,0,0.6,0.5,0.4,0.5
26,sheeting,C2,1,0.4,0.5,0.6,0.5,0.6,1,0.4,1
27,sheeting,C3,1,0.4,1,0.6,1,0.6,1.5,0.4,1.5
28,sheeting,C4,1,0.4,1.5,0.6,1.5,0.6,2,0.4,2
29,sheeting,C5,1,0.4,2,0.6,2,0.6,2.5,0.4,2.5
30,sheetingeave,C6,1,0.4,2.5,0.6,2.5,0.6,3,0.4,3
31,sheetingeave,C7,2,0.4,3,0.6,3,0.6,3.5,0.4,3.5
32,sheeting,C8,2,0.4,3.5,0.6,3.5,0.6,4,0.4,4
33,sheeting,C9,2,0.4,4,0.6,4,0.6,4.5,0.4,4.5
34,sheeting,C10,2,0.4,4.5,0.6,4.5,0.6,5,0.4,5
35,sheeting,C11,2,0.4,5,0.6,5,0.6,5.5,0.4,5.5
36,sheetingeave,C12,2,0.4,5.5,0.6,5.5,0.6,6,0.4,6
37,sheetingeave,D1,1,0.6,0,0.8,0,0.8,0.5,0.6,0.5
38,sheeting,D2,1,0.6,0.5,0.8,0.5,0.8,1,0.6,1
39,sheeting,D3,1,0.6,1,0.8,1,0.8,1.5,0.6,1.5
40,sheeting,D4,1,0.6,1.5,0.8,1.5,0.8,2,0.6,2
41,sheeting,D5,1,0.6,2,0.8,2,0.8,2.5,0.6,2.5
42,sheetingeave,D6,1,0.6,2.5,0.8,2.5,0.8,3,0.6,3
43,sheetingeave,D7,2,0.6,3,0.8,3,0.8,3.5,0.6,3.5
44,sheeting,D8,2,0.6,3.5,0.8,3.5,0.8,4,0.6,4
45,sheeting,D9,2,0.6,4,0.8,4,0.8,4.5,0.6,4.5
46,sheeting,D10,2,0.6,4.5,0.8,4.5,0.8,5,0.6,5
47,sheeting,D11,2,0.6,5,0.8,5,0.8,5.5,0.6,5.5
48,sheetingeave,D12,2,0.6,5.5,0.8,5.5,0.8,6,0.6,6
49,sheetingeave,E1,1,0.8,0,1,0,1,0.5,0.8,0.5
50,sheeting,E2,1,0.8,0.5,1,0.5,1,1,0.8,1
51,sheeting,E3,1,0.8,1,1,1,1,1.5,0.8,1.5
52,sheeting,E4,1,0.8,1.5,1,1.5,1,2,0.8,2
53,sheeting,E5,1,0.8,2,1,2,1,2.5,0.8,2.5
54,sheetingeave,E6,1,0.8,2.5,1,2.5,1,3,0.8,3
55,sheetingeave,E7,2,0.8,3,1,3,1,3.5,0.8,3.5
56,sheeting,E8,2,0.8,3.5,1,3.5,1,4,0.8,4
57,sheeting,E9,2,0.8,4,1,4,1,4.5,0.8,4.5
58,sheeting,E10,2,0.8,4.5,1,4.5,1,5,0.8,5
59,sheeting,E11,2,0.8,5,1,5,1,5.5,0.8,5.5
60,sheetingeave,E12,2,0.8,5.5,1,5.5,1,6,0.8,6
61,battencorner,A1,0,0,0,0.2,0,0.2,0.5,0,0.5
62,battenend,A2,0,0,0.5,0.2,0.5,0.2,1,0,1
63,battenend,A3,0,0,1,0.2,1,0.2,1.5,0,1.5
64,battenend,A4,0,0,1.5,0.2,1.5,0.2,2,0,2
65,battenend,A5,0,0,2,0.2,2,0.2,2.5,0,2.5
66,battencorner,A6,0,0,2.5,0.2,2.5,0.2,3,0,3
67,battencorner,A7,0,0,3,0.2,3,0.2,3.5,0,3.5
68,battenend,A8,0,0,3.5,0.2,3.5,0.2,4,0,4
69,battenend,A9,0,0,4,0.2,4,0.2,4.5,0,4.5
70,battenend,A10,0,0,4.5,0.2,4.5,0.2,5,0,5
71,battenend,A11,0,0,5,0.2,5,0.2,5.5,0,5.5
72,battencorner,A12,0,0,5.5,0.2,5.5,0.2,6,0,6
73,batteneave,B1,0,0.2,0,0.4,0,0.4,0.5,0.2,0.5
74,batten,B2,0,0.2,0.5,0.4,0.5,0.4,1,0.2,1
75,batten,B3,0,0.2,1,0.4,1,0.4,1.5,0.2,1.5
76,weakbatten,B4,0,0.2,1.5,0.4,1.5,0.4,2,0.2,2
77,batten,B5,0,0.2,2,0.4,2,0.4,2.5,0.2,2.5
78,batteneave,B6,0,0.2,2.5,0.4,2.5,0.4,3,0.2,3
79,batteneave,B7,0,0.2,3,0.4,3,0.4,3.5,0.2,3.5
80,batten,B8,0,0.2,3.5,0.4,3.5,0.4,4,0.2,4
81,batten,B9,0,0.2,4,0.4,4,0.4,4.5,0.2,4.5
82,batten,B10,0,0.2,4.5,0.4,4.5,0.4,5,0.2,5
83,batten,B11,0,0.2,5,0.4,5,0.4,5.5,0.2,5.5
84,batteneave,B12,0,0.2,5.5,0.4,5.5,0.4,6,0.2,6
85,batteneave,C1,0,0.4,0,0.6,0,0.6,0.5,0.4,0.5
86,batten,C2,0,0.4,0.5,0.6,0.5,0.6,1,0.4,1
87,batten,C3,0,0.4,1,0.6,1,0.6,1.5,0.4,1.5
88,batten,C4,0,0.4,1.5,0.6,1.5,0.6,2,0.4,2
89,batten,C5,0,0.4,2,0.6,2,0.6,2.5,0.4,2.5
90,batteneave,C6,0,0.4,2.5,0.6,2.5,0.6,3,0.4,3
91,batteneave,C7,0,0.4,3,0.6,3,0.6,3.5,0.4,3.5
92,batten,C8,0,0.4,3.5,0.6,3.5,0.6,4,0.4,4
93,batten,C9,0,0.4,4,0.6,4,0.6,4.5,0.4,4.5
94,batten,C10,0,0.4,4.5,0.6,4.5,0.6,5,0.4,5
95,batten,C11,0,0.4,5,0.6,5,0.6,5.5,0.4,5.5
96,batteneave,C12,0,0.4,5.5,0.6,5.5,0.6,6,0.4,6
97,batteneave,D1,0,0.6,0,0.8,0,0.8,0.5,0.6,0.5
98,batten,D2,0,0.6,0.5,0.8,0.5,0.8,1,0.6,1
99,batten,D3,0,0.6,1,0.8,1,0.8,1.5,0.6,1.5
100,batten,D4,0,0.6,1.5,0.8,1.5,0.8,2,0.6,2
101,batten,D5,0,0.6,2,0.8,2,0.8,2.5,0.6,2.5
102,batteneave,D6,0,0.6,2.5,0.8,2.5,0.8,3,0.6,3
103,batteneave,D7,0,0.6,3,0.8,3,0.8,3.5,0.6,3.5
104,batten,D8,0,0.6,3.5,0.8,3.5,0.8,4,0.6,4
105,batten,D9,0,0.6,4,0.8,4,0.8,4.5,0.6,4.5
106,batten,D10,0,0.6,4.5,0.8,4.5,0.8,5,0.6,5
107,batten,D11,0,0.6,5,0.8,5,0.8,5.5,0.6,5.5
108,batteneave,D12,0,0.6,5.5,0.8,5.5,0.8,6,0.6,6
109,batteneave,E1,0,0.8,0,1,0,1,0.5,0.8,0.5
110,batten,E2,0,0.8,0.5,1,0.5,1,1,0.8,1
111,batten,E3,0,0.8,1,1,1,1,1.5,0.8,1.5
112,batten,E4,0,0.8,1.5,1,1.5,1,2,0.8,2
113,batten,E5,0,0.8,2,1,2,1,2.5,0.8,2.5
114,batteneave,E6,0,0.8,2.5,1,2.5,1,3,0.8,3
115,batteneave,E7,0,0.8,3,1,3,1,3.5,0.8,3.5
116,batten,E8,0,0.8,3.5,1,3.5,1,4,0.8,4
117,batten,E9,0,0.8,4,1,4,1,4.5,0.8,4.5
118,batten,E10,0,0.8,4.5,1,4.5,1,5,0.8,5
119,batten,E11,0,0.8,5,1,5,1,5.5,0.8,5.5
120,batteneave,E12,0,0.8,5.5,1,5.5,1,6,0.8,6
121,plainraftertopplate,A2,0,0,0.5,0.1,0.5,0.1,1,0,1
122,plainrafterridge,A6,0,0,2.5,0.1,2.5,0.1,3,0,3
123,plainraftertopplate,A11,0,0,5,0.1,5,0.1,5.5,0,5.5
124,plainraftertopplate,B2,0,0.2,0.5,0.3,0.5,0.3,1,0.2,1
125,plainrafterridge,B6,0,0.2,2.5,0.3,2.5,0.3,3,0.2,3
126,plainraftertopplate,B11,0,0.2,5,0.3,5,0.3,5.5,0.2,5.5
127,plainraftertopplate,C2,0,0.4,0.5,0.5,0.5,0.5,1,0.4,1
128,plainrafterridge,C6,0,0.4,2.5,0.5,2.5,0.5,3,0.4,3
129,plainraftertopplate,C11,0,0.4,5,0.5,5,0.5,5.5,0.4,5.5
130,plainraftertopplate,D2,0,0.6,0.5,0.7,0.5,0.7,1,0.6,1
131,plainrafterridge,D6,0,0.6,2.5,0.7,2.5,0.7,3,0.6,3
132,plainraftertopplate,D11,0,0.6,5,0.7,5,0.7,5.5,0.6,5.5
133,plainraftertopplate,E2,0,0.8,0.5,0.9,0.5,0.9,1,0.8,1
134,plainrafterridge,E6,0,0.8,2.5,0.9,2.5,0.9,3,0.8,3
135,plainraftertopplate,E11,0,0.8,5,0.9,5,0.9,5.5,0.8,5.5
